169
a CL CD CL_slope CD_slope
-16.200000 -1.071600 0.079280 -9.129128 -2.379923
-16.000000 -1.102400 0.071150 -8.334149 -2.262228
-15.800000 -1.129300 0.063510 -7.109451 -2.131642
-15.600000 -1.151800 0.056300 -5.708092 -1.983150
-15.400000 -1.169000 0.049770 -4.134845 -1.728184
-15.200000 -1.180900 0.044300 -2.802719 -1.413057
-15.000000 -1.188900 0.039900 -1.795268 -1.107241
-14.800000 -1.193600 0.036530 -0.892859 -0.835325
-14.600000 -1.195400 0.033990 -0.241120 -0.637654
-14.400000 -1.195500 0.032010 0.212472 -0.500383
-14.200000 -1.194000 0.030450 0.623092 -0.401787
-14.000000 -1.191300 0.029170 0.890472 -0.333270
-13.800000 -1.187900 0.028100 0.974028 -0.283375
-13.600000 -1.184000 0.027170 1.616218 -0.252101
-13.400000 -1.176400 0.026320 2.499528 -0.240404
-13.200000 -1.167000 0.025490 2.864789 -0.228228
-13.000000 -1.156600 0.024730 3.077261 -0.211756
-12.800000 -1.145600 0.024010 3.230050 -0.198387
-12.600000 -1.134100 0.023350 3.335092 -0.179527
-12.400000 -1.122300 0.022760 3.573824 -0.148014
-12.200000 -1.109900 0.022250 2.996092 -0.189315
-12.000000 -1.101700 0.021410 1.969542 -0.269768
-11.800000 -1.094800 0.020480 2.466106 -0.221782
-11.600000 -1.084000 0.019900 3.411486 -0.138226
-11.400000 -1.071600 0.019460 3.619183 -0.120082
-11.200000 -1.059000 0.019040 3.609634 -0.118411
-11.000000 -1.046400 0.018630 3.635895 -0.117695
-10.800000 -1.033600 0.018220 3.674092 -0.114830
-10.600000 -1.020700 0.017830 3.666930 -0.110294
-10.400000 -1.007300 0.017450 4.299571 -0.102177
-10.200000 -0.989600 0.017090 6.209430 -0.117456
-10.000000 -0.964900 0.016580 6.992472 -0.198387
-9.800000 -0.941600 0.015790 6.928015 -0.183108
-9.600000 -0.916200 0.015360 7.398318 -0.105281
-9.400000 -0.890200 0.015000 7.539170 -0.098119
-9.200000 -0.863600 0.014670 7.756416 -0.085705
-9.000000 -0.836600 0.014380 7.362508 -0.092628
-8.800000 -0.812300 0.013990 6.825360 -0.142523
-8.600000 -0.788200 0.013440 7.140487 -0.129154
-8.400000 -0.762300 0.013120 7.546332 -0.082363
-8.200000 -0.735700 0.012830 7.744480 -0.076394
-8.000000 -0.708400 0.012560 7.780289 -0.096448
-7.800000 -0.681400 0.012160 7.792226 -0.114592
-7.600000 -0.653800 0.011800 8.107353 -0.087376
-7.400000 -0.625300 0.011550 7.906818 -0.059206
-7.200000 -0.599200 0.011340 6.980536 -0.086182
-7.000000 -0.575800 0.010960 6.944726 -0.098596
-6.800000 -0.550200 0.010690 7.462775 -0.064219
-6.600000 -0.524200 0.010480 7.462775 -0.071620
-6.400000 -0.499000 0.010190 6.426677 -0.077827
-6.200000 -0.478800 0.009960 6.004120 -0.053954
-6.000000 -0.456200 0.009790 6.629599 -0.060161
-5.800000 -0.433300 0.009540 6.216592 -0.065651
-5.600000 -0.412700 0.009350 5.970698 -0.047030
-5.200000 -0.391200 0.009190 5.710479 -0.052521
-5.000000 -0.369500 0.008960 4.857011 -0.044046
-4.800000 -0.326900 0.008620 9.716409 -0.070426
-4.600000 -0.305200 0.008480 5.667508 -0.041778
-4.200000 -0.283800 0.008300 5.650796 -0.044882
-4.000000 -0.262100 0.008150 4.915500 -0.032706
-3.800000 -0.218800 0.007860 9.840550 -0.068755
-3.600000 -0.197000 0.007700 5.729578 -0.036526
-3.400000 -0.175200 0.007580 6.261951 -0.036765
-3.200000 -0.153300 0.007440 6.259564 -0.037720
-3.000000 -0.131500 0.007320 6.257177 -0.033900
-2.800000 -0.109600 0.007200 6.278663 -0.034855
-2.600000 -0.087700 0.007080 6.252402 -0.031513
-2.400000 -0.065900 0.006980 6.290599 -0.028170
-2.200000 -0.043800 0.006880 6.314472 -0.028887
-2.000000 -0.021900 0.006780 6.230916 -0.027215
-1.800000 -0.000200 0.006690 6.276275 -0.025306
-1.600000 0.021900 0.006600 6.297761 -0.027693
-1.400000 0.043700 0.006500 6.240465 -0.026022
-1.200000 0.065500 0.006420 6.230916 -0.021486
-1.000000 0.087200 0.006340 6.218979 -0.028409
-0.800000 0.108900 0.006220 6.190332 -0.037004
-0.600000 0.130400 0.006090 6.142585 -0.036526
-0.400000 0.151800 0.005970 6.111550 -0.031751
-0.200000 0.173100 0.005870 6.113937 -0.025306
0.000000 0.194500 0.005790 6.135423 -0.022918
0.200000 0.215900 0.005710 6.116324 -0.020292
0.400000 0.237200 0.005650 6.106775 -0.015279
0.600000 0.258500 0.005600 6.061416 -0.014563
0.800000 0.279500 0.005550 6.001733 -0.011698
1.000000 0.300400 0.005520 5.942050 -0.006923
1.400000 0.321000 0.005500 5.419226 -0.005491
1.800000 0.341600 0.005490 4.344930 0.001790
2.000000 0.382100 0.005540 6.443388 0.015756
2.200000 0.425200 0.005690 9.737895 0.036287
2.400000 0.450000 0.005780 6.982923 0.027215
2.600000 0.476900 0.005890 7.579754 0.032229
2.800000 0.503200 0.006000 8.078705 0.029603
3.000000 0.533300 0.006100 8.632564 0.031035
3.400000 0.562800 0.006220 7.648987 0.033661
3.600000 0.592100 0.006350 6.922046 0.028170
3.800000 0.653200 0.006590 12.965557 0.052760
4.000000 0.676600 0.006700 5.187655 0.028170
4.200000 0.695700 0.006810 5.369092 0.032468
4.400000 0.714800 0.006930 5.474134 0.037481
4.600000 0.733900 0.007070 5.459810 0.039868
4.800000 0.752900 0.007210 5.426388 0.044404
5.000000 0.771800 0.007380 5.414451 0.048701
5.200000 0.790700 0.007550 5.404902 0.052521
5.400000 0.809500 0.007750 5.361930 0.060161
5.600000 0.828100 0.007970 5.271212 0.067800
5.800000 0.846400 0.008220 5.297472 0.071620
6.000000 0.865100 0.008470 5.340444 0.075439
6.200000 0.883600 0.008750 5.275986 0.083795
6.400000 0.902000 0.009050 5.304634 0.085466
6.600000 0.920600 0.009350 5.283148 0.092151
6.800000 0.938900 0.009690 5.278374 0.095254
7.000000 0.957500 0.010010 5.338057 0.092389
7.200000 0.976100 0.010340 5.311796 0.096448
7.400000 0.994600 0.010680 5.309409 0.096209
7.600000 1.013200 0.011010 5.347606 0.094538
7.800000 1.031900 0.011340 5.347606 0.092867
8.000000 1.050500 0.011660 5.314184 0.092389
8.200000 1.069000 0.011990 5.271212 0.099074
8.400000 1.087400 0.012340 5.354768 0.091196
8.600000 1.106300 0.012630 5.338057 0.087615
8.800000 1.124600 0.012960 5.244951 0.093822
9.000000 1.143000 0.013280 5.259275 0.093106
9.200000 1.161300 0.013610 5.264050 0.091912
9.400000 1.179600 0.013930 5.070676 0.102416
9.600000 1.196900 0.014310 5.137522 0.093344
9.800000 1.215400 0.014590 5.130360 0.094061
10.000000 1.232500 0.014980 4.834331 0.112920
10.200000 1.249500 0.015350 4.999057 0.095016
10.400000 1.267200 0.015660 4.941761 0.095732
10.600000 1.283600 0.016050 4.366416 0.137271
10.800000 1.298300 0.016570 4.538303 0.120799
11.000000 1.315400 0.016880 4.841493 0.089286
11.200000 1.331500 0.017240 4.492944 0.110772
11.400000 1.346400 0.017670 3.752874 0.150401
11.600000 1.358100 0.018250 3.437747 0.145627
11.800000 1.371000 0.018660 3.798233 0.111011
12.000000 1.384300 0.019060 3.743324 0.118411
12.200000 1.396900 0.019500 3.485493 0.134645
12.400000 1.408500 0.020010 3.182303 0.155654
12.600000 1.418600 0.020620 2.153366 0.222499
12.800000 1.424600 0.021500 2.320479 0.218440
13.000000 1.435500 0.022100 3.270634 0.163770
13.200000 1.446500 0.022700 3.065324 0.179288
13.400000 1.456800 0.023360 2.874338 0.196238
13.600000 1.466600 0.024070 2.757359 0.210323
13.800000 1.475900 0.024840 2.513852 0.233958
14.000000 1.483800 0.025730 1.964768 0.279317
14.200000 1.489100 0.026840 0.692324 0.391760
14.400000 1.489900 0.028370 0.797366 0.400593
14.600000 1.495700 0.029550 2.053099 0.312023
14.800000 1.503200 0.030630 2.038775 0.323960
15.000000 1.509500 0.031850 1.663965 0.369080
15.200000 1.514900 0.033200 1.444331 0.400832
15.400000 1.519600 0.034650 1.231859 0.434970
15.600000 1.523500 0.036240 1.009838 0.473645
15.800000 1.526700 0.037950 0.868986 0.501577
16.000000 1.529400 0.039760 0.556247 0.548130
16.200000 1.530400 0.041800 0.069232 0.616168
16.400000 1.529800 0.044080 -0.455979 0.697815
16.600000 1.527000 0.046700 -1.188887 0.805483
16.800000 1.521300 0.049730 -2.148592 0.940844
17.000000 1.512200 0.053260 -3.082035 1.091962
17.200000 1.501400 0.057150 -2.265571 1.023207
17.400000 1.496900 0.060320 -0.916732 0.866599
17.600000 1.493800 0.063350 -0.945380 0.883787
17.800000 1.489800 0.066560 -1.384648 0.960421
18.000000 1.484200 0.070050 -1.683064 1.023446
18.200000 1.478100 0.073690 -1.933733 1.070476
18.400000 1.470700 0.077520 -2.213049 1.117268
